CR_RRatio_2x1_par0: 2.85037112532 +/- 0.494271550582
CR_RRatio_2x1_par1: 0.00238568324073 +/- 0.581578736326
CR_RRatio_2x1_par2: 0.00164106835587 +/- 0.654771980751
CR_RRatio_2x1_par3: 0.351153705267 +/- 0.0608696558036
CR_RRatio_2x1_par4: -9.65905654766e-05 +/- 0.0336141623335
