CR_RRatio_2x1_par0: 2.32947032532 +/- 1.86093573698
CR_RRatio_2x1_par1: 0.00294497350637 +/- 0.539565483776
CR_RRatio_2x1_par2: 0.000421677297027 +/- 0.605144320357
CR_RRatio_2x1_par3: 0.429622931194 +/- 0.342995218595
CR_RRatio_2x1_par4: 1.90243991938e-05 +/- 0.042827767714
