Background_CR_rpf_1x0_par0: 0.132277406412 +/- 0.00332561337536
Background_CR_rpf_1x0_par1: 0.0633133585469 +/- 0.00802448613772
