Background_CR_rpf_1x0_par0: 0.132604662669 +/- 0.00322141286899
Background_CR_rpf_1x0_par1: 0.0637021903941 +/- 0.0076327438987
