Background_CR_rpf_2x1_par0: 0.412332718598 +/- 0.066750715564
Background_CR_rpf_2x1_par1: 0.449191406398 +/- 0.103962184724
Background_CR_rpf_2x1_par2: -0.285367737792 +/- 0.103662468477
Background_CR_rpf_2x1_par3: 0.305287784108 +/- 0.0487710872528
Background_CR_rpf_2x1_par4: -0.0279544321164 +/- 0.0196069244783
