Background_CR_rpf_2x1_par0: 0.425864533627 +/- 0.0234952771151
Background_CR_rpf_2x1_par1: 0.425998994685 +/- 0.0580206673425
Background_CR_rpf_2x1_par2: -0.238209967006 +/- 0.0674457407411
Background_CR_rpf_2x1_par3: 0.301138927361 +/- 0.0156187437059
Background_CR_rpf_2x1_par4: -0.0480918096021 +/- 0.0199849049615
