Background_CR_rpf_2x2_par0: 0.666683200886 +/- 0.0625547915849
Background_CR_rpf_2x2_par1: 0.689765086758 +/- 0.120016104516
Background_CR_rpf_2x2_par2: -0.434727426094 +/- 0.129553244766
Background_CR_rpf_2x2_par3: 0.186807283053 +/- 0.0166976651382
Background_CR_rpf_2x2_par4: -0.559635386701 +/- 4.61222853914
Background_CR_rpf_2x2_par5: 0.0335913724738 +/- 0.276757756754
