Background_CR_rpf_3x2_par0: 0.435725787421 +/- 0.0413810954028
Background_CR_rpf_3x2_par1: 0.548371379557 +/- 0.0900995412942
Background_CR_rpf_3x2_par2: -0.556553371771 +/- 0.189737836224
Background_CR_rpf_3x2_par3: 0.226335447533 +/- 0.150127646312
Background_CR_rpf_3x2_par4: 0.289943359754 +/- 0.026211679964
Background_CR_rpf_3x2_par5: -0.0451977779975 +/- 0.0186766924493
