Background_CR_rpf_3x2_par0: 0.42297782365 +/- 0.0312797235395
Background_CR_rpf_3x2_par1: 0.612022044846 +/- 0.0625289991977
Background_CR_rpf_3x2_par2: -0.712378284055 +/- 0.138185161008
Background_CR_rpf_3x2_par3: 0.303692848617 +/- 0.12125017723
Background_CR_rpf_3x2_par4: 0.291619123465 +/- 0.0194913071123
Background_CR_rpf_3x2_par5: -0.0257539465581 +/- 0.0168873260736
