Background_CR_rpf_1x1_par0: 0.384345034836 +/- 0.0395430298453
Background_CR_rpf_1x1_par1: 0.207486914589 +/- 0.0342549376174
Background_CR_rpf_1x1_par2: 0.35049504819 +/- 0.0359637971305
Background_CR_rpf_1x1_par3: -0.0480000891005 +/- 0.0213641408637
