Background_CR_rpf_1x1_par0: 0.382193683367 +/- 0.0385770937528
Background_CR_rpf_1x1_par1: 0.217928691252 +/- 0.0352227639431
Background_CR_rpf_1x1_par2: 0.354439123251 +/- 0.0355030422651
Background_CR_rpf_1x1_par3: -0.075392551604 +/- 0.023525864681
