CR_RRatio_1x1_par0: 0.965223625256 +/- 0.177051614073
CR_RRatio_1x1_par1: 0.00130282388704 +/- 0.0697491590203
CR_RRatio_1x1_par2: 1.03683459635 +/- 0.191746782452
CR_RRatio_1x1_par3: 0.000117399715009 +/- 0.102131957724
