CR_RRatio_1x1_par0: 1.06159224963 +/- 0.934727215173
CR_RRatio_1x1_par1: 0.00145282469725 +/- 0.0778137512901
CR_RRatio_1x1_par2: 0.94276315694 +/- 0.830498061226
CR_RRatio_1x1_par3: -0.000276935317743 +/- 0.0904490597387
