Background_CR_rpf_0x1_par0: 0.155828803073 +/- 0.00272997283522
Background_CR_rpf_0x1_par1: 0.00195601817489 +/- 0.00922401674804
