Background_CR_rpf_0x1_par0: 0.157084450114 +/- 0.00279305257807
Background_CR_rpf_0x1_par1: -0.00638425976923 +/- 0.0099290402857
